Timestamp	power	temperature	voltage	
0.00	0.00	20.00	4.10
1.00	12.00	19.35	4.04
2.00	12.00	19.11	3.98
3.00	12.00	19.97	3.96
4.00	12.00	21.41	3.90
5.00	12.00	18.40	3.88
6.00	12.00	18.26	3.85
7.00	12.00	20.27	3.81
8.00	12.00	19.25	3.81
9.00	12.00	20.06	3.78
10.00	12.00	20.45	3.76
11.00	12.00	19.33	3.74
12.00	12.00	20.68	3.74
13.00	12.00	20.53	3.73
14.00	12.00	20.88	3.73
15.00	12.00	19.14	3.72
16.00	12.00	20.84	3.72
17.00	12.00	21.29	3.70
18.00	12.00	20.55	3.70
19.00	12.00	20.16	3.68
20.00	12.00	19.32	3.68
21.00	12.00	20.62	3.68
22.00	12.00	17.30	3.67
23.00	12.00	18.71	3.68
24.00	12.00	18.93	3.68
25.00	12.00	20.31	3.67
26.00	12.00	17.94	3.66
27.00	12.00	20.33	3.66
28.00	12.00	20.77	3.64
29.00	12.00	19.55	3.68
30.00	12.00	20.35	3.63
31.00	12.00	17.45	3.64
32.00	12.00	19.27	3.64
33.00	12.00	21.56	3.66
34.00	12.00	19.83	3.65
35.00	12.00	20.73	3.62
36.00	12.00	19.27	3.66
37.00	12.00	19.33	3.64
38.00	12.00	19.00	3.65
39.00	12.00	20.34	3.65
40.00	12.00	19.59	3.65
41.00	12.00	19.21	3.65
42.00	12.00	17.24	3.64
43.00	12.00	21.06	3.63
44.00	12.00	21.18	3.65
45.00	12.00	20.83	3.65
46.00	12.00	20.66	3.65
47.00	12.00	20.35	3.64
48.00	12.00	19.10	3.62
49.00	12.00	19.90	3.63
50.00	12.00	19.35	3.63
51.00	12.00	21.54	3.66
52.00	12.00	19.34	3.63
53.00	12.00	19.88	3.66
54.00	12.00	20.00	3.63
55.00	12.00	19.94	3.65
56.00	12.00	20.16	3.65
57.00	12.00	19.16	3.62
58.00	12.00	20.27	3.63
59.00	12.00	19.48	3.63
60.00	12.00	20.56	3.62
61.00	12.00	20.04	3.62
62.00	12.00	19.18	3.63
63.00	12.00	20.61	3.63
64.00	12.00	20.66	3.65
65.00	12.00	20.99	3.63
66.00	12.00	22.31	3.63
67.00	12.00	20.20	3.62
68.00	12.00	21.51	3.63
69.00	12.00	19.67	3.63
70.00	12.00	18.81	3.63
71.00	12.00	20.96	3.63
72.00	12.00	21.20	3.63
73.00	12.00	19.10	3.63
74.00	12.00	21.21	3.62
75.00	12.00	20.60	3.64
76.00	12.00	19.71	3.60
77.00	12.00	19.89	3.63
78.00	12.00	21.38	3.61
79.00	12.00	18.84	3.61
80.00	12.00	19.39	3.62
81.00	12.00	18.58	3.61
82.00	12.00	21.60	3.61
83.00	12.00	22.14	3.61
84.00	12.00	21.51	3.63
85.00	12.00	18.85	3.63
86.00	12.00	20.86	3.61
87.00	12.00	19.73	3.63
88.00	12.00	19.89	3.60
89.00	12.00	19.00	3.61
90.00	12.00	19.45	3.61
91.00	12.00	20.36	3.60
92.00	12.00	19.34	3.62
93.00	12.00	19.96	3.61
94.00	12.00	21.55	3.61
95.00	12.00	22.23	3.62
96.00	12.00	20.63	3.60
97.00	12.00	18.59	3.63
98.00	12.00	19.99	3.60
99.00	12.00	19.44	3.63
100.00	12.00	19.78	3.62
101.00	12.00	19.30	3.62
102.00	12.00	19.89	3.60
103.00	12.00	20.66	3.61
104.00	12.00	21.24	3.60
105.00	12.00	20.56	3.62
106.00	12.00	19.22	3.60
107.00	12.00	19.78	3.61
108.00	12.00	20.91	3.60
109.00	12.00	20.08	3.60
110.00	12.00	20.65	3.62
111.00	12.00	20.43	3.63
112.00	12.00	19.46	3.62
113.00	12.00	18.25	3.60
114.00	12.00	19.21	3.59
115.00	12.00	18.90	3.58
116.00	12.00	20.64	3.61
117.00	12.00	21.42	3.60
118.00	12.00	20.90	3.61
119.00	12.00	20.50	3.58
120.00	12.00	21.02	3.61
121.00	12.00	19.22	3.61
122.00	12.00	21.35	3.59
123.00	12.00	19.54	3.59
124.00	12.00	20.35	3.60
125.00	12.00	19.45	3.60
126.00	12.00	19.06	3.60
127.00	12.00	18.65	3.60
128.00	12.00	19.26	3.60
129.00	12.00	20.63	3.61
130.00	12.00	21.79	3.60
131.00	12.00	19.73	3.58
132.00	12.00	19.77	3.59
133.00	12.00	19.12	3.60
134.00	12.00	18.08	3.56
135.00	12.00	21.13	3.59
136.00	12.00	20.54	3.58
137.00	12.00	20.75	3.61
138.00	12.00	18.95	3.59
139.00	12.00	20.36	3.58
140.00	12.00	21.13	3.59
141.00	12.00	20.25	3.58
142.00	12.00	20.89	3.59
143.00	12.00	20.09	3.58
144.00	12.00	20.41	3.59
145.00	12.00	20.73	3.59
146.00	12.00	19.00	3.59
147.00	12.00	21.11	3.59
148.00	12.00	19.52	3.58
149.00	12.00	20.63	3.59
150.00	12.00	19.11	3.59
151.00	12.00	19.24	3.57
152.00	12.00	19.39	3.59
153.00	12.00	20.57	3.59
154.00	12.00	18.38	3.59
155.00	12.00	19.62	3.59
156.00	12.00	19.41	3.58
157.00	12.00	20.70	3.61
158.00	12.00	21.05	3.59
159.00	12.00	20.23	3.58
160.00	12.00	20.10	3.58
161.00	12.00	18.05	3.60
162.00	12.00	20.98	3.57
163.00	12.00	19.35	3.59
164.00	12.00	19.81	3.58
165.00	12.00	19.53	3.59
166.00	12.00	22.46	3.60
167.00	12.00	19.45	3.59
168.00	12.00	19.75	3.58
169.00	12.00	20.86	3.58
170.00	12.00	19.19	3.58
171.00	12.00	20.53	3.58
172.00	12.00	19.55	3.58
173.00	12.00	21.14	3.59
174.00	12.00	20.76	3.58
175.00	12.00	23.40	3.58
176.00	12.00	20.38	3.57
177.00	12.00	20.07	3.58
178.00	12.00	18.63	3.55
179.00	12.00	20.52	3.57
180.00	12.00	20.35	3.57
181.00	12.00	21.07	3.56
182.00	12.00	20.18	3.57
183.00	12.00	19.57	3.58
184.00	12.00	19.57	3.55
185.00	12.00	19.20	3.58
186.00	12.00	18.89	3.57
187.00	12.00	20.99	3.56
188.00	12.00	19.39	3.58
189.00	12.00	20.38	3.56
190.00	12.00	18.15	3.56
191.00	12.00	21.40	3.57
192.00	12.00	20.03	3.56
193.00	12.00	18.60	3.57
194.00	12.00	20.16	3.55
195.00	12.00	21.27	3.58
196.00	12.00	21.89	3.57
197.00	12.00	19.62	3.56
198.00	12.00	19.98	3.58
199.00	12.00	20.57	3.58
200.00	12.00	20.69	3.57
201.00	12.00	19.74	3.56
202.00	12.00	19.70	3.58
203.00	12.00	20.06	3.55
204.00	12.00	19.72	3.56
205.00	12.00	19.80	3.56
206.00	12.00	19.91	3.56
207.00	12.00	18.53	3.55
208.00	12.00	20.23	3.55
209.00	12.00	19.69	3.56
210.00	12.00	20.06	3.55
211.00	12.00	21.26	3.55
212.00	12.00	19.98	3.54
213.00	12.00	19.64	3.55
214.00	12.00	19.95	3.56
215.00	12.00	19.89	3.57
216.00	12.00	21.70	3.54
217.00	12.00	20.18	3.56
218.00	12.00	18.17	3.55
219.00	12.00	20.09	3.57
220.00	12.00	19.56	3.55
221.00	12.00	20.55	3.56
222.00	12.00	18.93	3.56
223.00	12.00	19.18	3.55
224.00	12.00	21.48	3.56
225.00	12.00	19.54	3.55
226.00	12.00	18.68	3.56
227.00	12.00	21.40	3.57
228.00	12.00	20.79	3.56
229.00	12.00	19.61	3.53
230.00	12.00	18.98	3.55
231.00	12.00	20.08	3.55
232.00	12.00	19.77	3.55
233.00	12.00	20.32	3.57
234.00	12.00	19.08	3.53
235.00	12.00	18.85	3.56
236.00	12.00	21.40	3.54
237.00	12.00	20.75	3.56
238.00	12.00	20.75	3.54
239.00	12.00	20.26	3.55
240.00	12.00	20.48	3.56
241.00	12.00	20.41	3.55
242.00	12.00	20.95	3.55
243.00	12.00	17.68	3.54
244.00	12.00	20.18	3.55
245.00	12.00	20.40	3.54
246.00	12.00	19.19	3.55
247.00	12.00	18.70	3.53
248.00	12.00	20.40	3.55
249.00	12.00	19.50	3.54
250.00	12.00	19.86	3.55
251.00	12.00	20.95	3.53
252.00	12.00	18.28	3.55
253.00	12.00	19.64	3.54
254.00	12.00	19.99	3.55
255.00	12.00	17.61	3.54
256.00	12.00	21.21	3.55
257.00	12.00	21.95	3.56
258.00	12.00	18.46	3.53
259.00	12.00	19.94	3.54
260.00	12.00	19.31	3.52
261.00	12.00	18.97	3.55
262.00	12.00	20.58	3.53
263.00	12.00	19.47	3.55
264.00	12.00	21.16	3.55
265.00	12.00	19.89	3.53
266.00	12.00	21.36	3.53
267.00	12.00	19.13	3.53
268.00	12.00	19.56	3.53
269.00	12.00	22.01	3.52
270.00	12.00	18.90	3.53
271.00	12.00	17.65	3.53
272.00	12.00	19.54	3.53
273.00	12.00	20.89	3.54
274.00	12.00	20.69	3.54
275.00	12.00	18.46	3.54
276.00	12.00	18.81	3.54
277.00	12.00	23.32	3.55
278.00	12.00	19.66	3.53
279.00	12.00	19.96	3.54
280.00	12.00	19.95	3.56
281.00	12.00	17.73	3.53
282.00	12.00	18.77	3.51
283.00	12.00	18.85	3.53
284.00	12.00	19.88	3.54
285.00	12.00	20.94	3.53
286.00	12.00	21.17	3.54
287.00	12.00	20.18	3.54
288.00	12.00	19.67	3.53
289.00	12.00	19.81	3.54
290.00	12.00	18.91	3.54
291.00	12.00	19.61	3.54
292.00	12.00	20.56	3.54
293.00	12.00	20.22	3.54
294.00	12.00	18.45	3.52
295.00	12.00	20.40	3.52
296.00	12.00	19.54	3.52
297.00	12.00	19.17	3.51
298.00	12.00	19.48	3.53
299.00	12.00	20.08	3.53
300.00	12.00	18.63	3.51
301.00	12.00	18.40	3.54
302.00	12.00	18.63	3.52
303.00	12.00	20.29	3.52
304.00	12.00	21.68	3.52
305.00	12.00	20.38	3.52
306.00	12.00	21.51	3.51
307.00	12.00	20.17	3.53
308.00	12.00	21.30	3.52
309.00	12.00	18.79	3.52
310.00	12.00	19.78	3.53
311.00	12.00	20.26	3.52
312.00	12.00	19.42	3.52
313.00	12.00	20.65	3.52
314.00	12.00	21.37	3.52
315.00	12.00	21.38	3.51
316.00	12.00	21.26	3.53
317.00	12.00	20.81	3.52
318.00	12.00	18.47	3.52
319.00	12.00	19.82	3.53
320.00	12.00	19.45	3.53
321.00	12.00	18.82	3.52
322.00	12.00	20.14	3.52
323.00	12.00	20.15	3.53
324.00	12.00	20.33	3.52
325.00	12.00	18.07	3.52
326.00	12.00	21.55	3.51
327.00	12.00	21.14	3.51
328.00	12.00	18.58	3.51
329.00	12.00	20.20	3.51
330.00	12.00	21.10	3.51
331.00	12.00	20.41	3.52
332.00	12.00	20.32	3.53
333.00	12.00	19.79	3.51
334.00	12.00	20.43	3.51
335.00	12.00	20.58	3.52
336.00	12.00	18.31	3.52
337.00	12.00	21.49	3.51
338.00	12.00	21.69	3.50
339.00	12.00	17.88	3.51
340.00	12.00	20.32	3.49
341.00	12.00	22.21	3.51
342.00	12.00	19.97	3.51
343.00	12.00	19.63	3.51
344.00	12.00	20.55	3.53
345.00	12.00	19.94	3.51
346.00	12.00	18.86	3.53
347.00	12.00	18.63	3.51
348.00	12.00	19.70	3.50
349.00	12.00	20.36	3.51
350.00	12.00	21.61	3.50
351.00	12.00	18.95	3.53
352.00	12.00	20.70	3.51
353.00	12.00	18.71	3.50
354.00	12.00	19.76	3.51
355.00	12.00	20.24	3.50
356.00	12.00	19.76	3.52
357.00	12.00	18.88	3.50
358.00	12.00	20.96	3.50
359.00	12.00	19.67	3.48
360.00	12.00	18.75	3.49
361.00	12.00	19.08	3.51
362.00	12.00	20.17	3.49
363.00	12.00	20.49	3.51
364.00	12.00	18.12	3.48
365.00	12.00	18.85	3.50
366.00	12.00	20.51	3.52
367.00	12.00	19.63	3.50
368.00	12.00	20.51	3.51
369.00	12.00	20.53	3.49
370.00	12.00	21.28	3.51
371.00	12.00	20.82	3.50
372.00	12.00	20.69	3.49
373.00	12.00	19.39	3.49
374.00	12.00	18.60	3.49
375.00	12.00	18.70	3.49
376.00	12.00	21.88	3.50
377.00	12.00	19.00	3.51
378.00	12.00	19.73	3.49
379.00	12.00	19.60	3.50
380.00	12.00	19.53	3.51
381.00	12.00	21.35	3.49
382.00	12.00	18.99	3.48
383.00	12.00	19.54	3.49
384.00	12.00	21.44	3.49
385.00	12.00	21.53	3.51
386.00	12.00	21.51	3.49
387.00	12.00	19.89	3.49
388.00	12.00	20.81	3.49
389.00	12.00	19.60	3.49
390.00	12.00	19.12	3.50
391.00	12.00	20.44	3.50
392.00	12.00	19.81	3.49
393.00	12.00	22.38	3.51
394.00	12.00	20.40	3.51
395.00	12.00	21.61	3.50
396.00	12.00	20.20	3.49
397.00	12.00	20.48	3.49
398.00	12.00	21.78	3.51
399.00	12.00	21.63	3.50
400.00	12.00	19.33	3.49
401.00	12.00	19.61	3.49
402.00	12.00	19.14	3.50
403.00	12.00	20.50	3.49
404.00	12.00	18.48	3.48
405.00	12.00	19.86	3.49
406.00	12.00	21.67	3.49
407.00	12.00	22.13	3.49
408.00	12.00	19.39	3.50
409.00	12.00	20.14	3.49
410.00	12.00	21.09	3.48
411.00	12.00	20.91	3.48
412.00	12.00	20.32	3.49
413.00	12.00	18.78	3.50
414.00	12.00	20.02	3.48
415.00	12.00	19.90	3.49
416.00	12.00	22.34	3.48
417.00	12.00	20.96	3.48
418.00	12.00	18.36	3.48
419.00	12.00	21.54	3.49
420.00	12.00	20.49	3.48
421.00	12.00	21.39	3.47
422.00	12.00	20.22	3.49
423.00	12.00	21.83	3.48
424.00	12.00	19.79	3.48
425.00	12.00	18.90	3.48
426.00	12.00	19.35	3.46
427.00	12.00	19.80	3.48
428.00	12.00	21.20	3.48
429.00	12.00	19.05	3.48
430.00	12.00	19.95	3.48
431.00	12.00	19.89	3.47
432.00	12.00	21.80	3.47
433.00	12.00	18.63	3.48
434.00	12.00	20.18	3.48
435.00	12.00	19.95	3.48
436.00	12.00	17.19	3.47
437.00	12.00	18.86	3.49
438.00	12.00	21.31	3.49
439.00	12.00	19.42	3.47
440.00	12.00	21.12	3.47
441.00	12.00	20.56	3.47
442.00	12.00	19.33	3.46
443.00	12.00	19.92	3.47
444.00	12.00	19.40	3.48
445.00	12.00	18.67	3.48
446.00	12.00	20.53	3.47
447.00	12.00	18.90	3.47
448.00	12.00	19.42	3.47
449.00	12.00	19.37	3.49
450.00	12.00	20.04	3.47
451.00	12.00	20.44	3.49
452.00	12.00	19.90	3.48
453.00	12.00	20.32	3.46
454.00	12.00	20.64	3.47
455.00	12.00	19.38	3.48
456.00	12.00	19.42	3.48
457.00	12.00	21.67	3.47
458.00	12.00	20.76	3.48
459.00	12.00	19.69	3.48
460.00	12.00	20.15	3.46
461.00	12.00	20.13	3.47
462.00	12.00	20.12	3.47
463.00	12.00	20.97	3.46
464.00	12.00	20.46	3.47
465.00	12.00	19.94	3.48
466.00	12.00	20.91	3.46
467.00	12.00	20.20	3.48
468.00	12.00	18.46	3.48
469.00	12.00	20.83	3.46
470.00	12.00	19.40	3.48
471.00	12.00	20.70	3.46
472.00	12.00	20.77	3.47
473.00	12.00	18.02	3.47
474.00	12.00	18.69	3.47
475.00	12.00	19.37	3.47
476.00	12.00	20.76	3.47
477.00	12.00	19.66	3.49
478.00	12.00	20.90	3.45
479.00	12.00	18.98	3.46
480.00	12.00	20.86	3.48
481.00	12.00	20.64	3.47
482.00	12.00	20.45	3.47
483.00	12.00	19.45	3.46
484.00	12.00	19.13	3.46
485.00	12.00	20.63	3.45
486.00	12.00	20.21	3.48
487.00	12.00	20.33	3.46
488.00	12.00	19.01	3.46
489.00	12.00	21.81	3.47
490.00	12.00	19.86	3.46
491.00	12.00	21.97	3.47
492.00	12.00	18.59	3.45
493.00	12.00	19.23	3.46
494.00	12.00	19.40	3.46
495.00	12.00	21.09	3.45
496.00	12.00	21.02	3.46
497.00	12.00	18.97	3.46
498.00	12.00	20.02	3.48
499.00	12.00	18.44	3.46
500.00	12.00	20.69	3.46
501.00	12.00	19.21	3.47
502.00	12.00	19.27	3.45
503.00	12.00	18.84	3.46
504.00	12.00	19.70	3.47
505.00	12.00	21.95	3.45
506.00	12.00	19.06	3.46
507.00	12.00	19.84	3.44
508.00	12.00	21.75	3.45
509.00	12.00	19.84	3.45
510.00	12.00	19.50	3.46
511.00	12.00	20.26	3.44
512.00	12.00	20.53	3.43
513.00	12.00	18.89	3.45
514.00	12.00	20.37	3.46
515.00	12.00	19.71	3.45
516.00	12.00	19.81	3.44
517.00	12.00	20.68	3.45
518.00	12.00	20.64	3.44
519.00	12.00	19.67	3.45
520.00	12.00	20.88	3.45
521.00	12.00	18.71	3.46
522.00	12.00	20.08	3.45
523.00	12.00	18.22	3.45
524.00	12.00	20.82	3.46
525.00	12.00	20.43	3.45
526.00	12.00	19.23	3.46
527.00	12.00	19.10	3.44
528.00	12.00	21.22	3.45
529.00	12.00	19.72	3.44
530.00	12.00	19.61	3.44
531.00	12.00	20.50	3.44
532.00	12.00	20.77	3.44
533.00	12.00	20.42	3.46
534.00	12.00	19.91	3.45
535.00	12.00	18.88	3.44
536.00	12.00	20.25	3.45
537.00	12.00	20.39	3.44
538.00	12.00	18.08	3.44
539.00	12.00	18.63	3.45
540.00	12.00	18.92	3.45
541.00	12.00	19.84	3.43
542.00	12.00	19.24	3.47
543.00	12.00	20.52	3.44
544.00	12.00	19.13	3.46
545.00	12.00	20.27	3.45
546.00	12.00	19.05	3.43
547.00	12.00	20.04	3.46
548.00	12.00	20.16	3.45
549.00	12.00	18.66	3.44
550.00	12.00	21.79	3.45
551.00	12.00	20.36	3.44
552.00	12.00	19.55	3.46
553.00	12.00	19.73	3.42
554.00	12.00	19.90	3.44
555.00	12.00	18.96	3.45
556.00	12.00	19.18	3.44
557.00	12.00	18.69	3.45
558.00	12.00	20.19	3.44
559.00	12.00	19.58	3.44
560.00	12.00	19.95	3.44
561.00	12.00	19.37	3.45
562.00	12.00	20.13	3.44
563.00	12.00	21.50	3.43
564.00	12.00	20.97	3.44
565.00	12.00	19.13	3.44
566.00	12.00	21.92	3.44
567.00	12.00	20.16	3.42
568.00	12.00	21.71	3.44
569.00	12.00	19.34	3.42
570.00	12.00	20.18	3.44
571.00	12.00	19.46	3.42
572.00	12.00	19.34	3.45
573.00	12.00	17.99	3.44
574.00	12.00	19.52	3.43
575.00	12.00	20.81	3.43
576.00	12.00	19.56	3.43
577.00	12.00	21.09	3.42
578.00	12.00	19.40	3.43
579.00	12.00	17.73	3.44
580.00	12.00	19.43	3.44
581.00	12.00	20.23	3.43
582.00	12.00	20.36	3.42
583.00	12.00	18.28	3.42
584.00	12.00	20.28	3.43
585.00	12.00	19.53	3.42
586.00	12.00	18.26	3.42
587.00	12.00	19.51	3.42
588.00	12.00	21.17	3.42
589.00	12.00	19.00	3.43
590.00	12.00	20.72	3.42
591.00	12.00	18.90	3.44
592.00	12.00	19.79	3.42
593.00	12.00	18.92	3.41
594.00	12.00	19.72	3.44
595.00	12.00	19.56	3.46
596.00	12.00	21.87	3.44
597.00	12.00	19.99	3.42
598.00	12.00	18.45	3.44
599.00	12.00	19.52	3.44
600.00	12.00	19.78	3.41
601.00	12.00	21.34	3.43
602.00	12.00	20.92	3.42
603.00	12.00	19.87	3.41
604.00	12.00	20.31	3.41
605.00	12.00	21.12	3.42
606.00	12.00	20.75	3.42
607.00	12.00	20.21	3.42
608.00	12.00	19.59	3.42
609.00	12.00	18.09	3.43
610.00	12.00	20.66	3.42
611.00	12.00	20.34	3.42
612.00	12.00	20.54	3.44
613.00	12.00	20.35	3.42
614.00	12.00	20.07	3.44
615.00	12.00	20.68	3.42
616.00	12.00	18.56	3.41
617.00	12.00	22.18	3.41
618.00	12.00	19.33	3.42
619.00	12.00	21.00	3.42
620.00	12.00	19.86	3.41
621.00	12.00	21.59	3.39
622.00	12.00	18.71	3.43
623.00	12.00	20.98	3.41
624.00	12.00	20.84	3.43
625.00	12.00	18.98	3.40
626.00	12.00	20.17	3.42
627.00	12.00	19.94	3.41
628.00	12.00	20.63	3.40
629.00	12.00	19.52	3.40
630.00	12.00	18.42	3.41
631.00	12.00	19.17	3.40
632.00	12.00	17.89	3.40
633.00	12.00	18.74	3.41
634.00	12.00	20.80	3.41
635.00	12.00	21.01	3.41
636.00	12.00	19.53	3.41
637.00	12.00	21.59	3.42
638.00	12.00	20.47	3.39
639.00	12.00	19.04	3.41
640.00	12.00	18.39	3.41
641.00	12.00	19.03	3.41
642.00	12.00	20.36	3.40
643.00	12.00	19.88	3.41
644.00	12.00	19.27	3.41
645.00	12.00	19.08	3.40
646.00	12.00	19.76	3.40
647.00	12.00	18.62	3.38
648.00	12.00	19.56	3.42
649.00	12.00	20.86	3.40
650.00	12.00	20.24	3.39
651.00	12.00	19.09	3.40
652.00	12.00	20.65	3.40
653.00	12.00	22.75	3.41
654.00	12.00	20.25	3.40
655.00	12.00	18.69	3.38
656.00	12.00	17.72	3.41
657.00	12.00	19.27	3.38
658.00	12.00	18.95	3.40
659.00	12.00	20.81	3.41
660.00	12.00	20.67	3.41
661.00	12.00	19.60	3.40
662.00	12.00	20.98	3.41
663.00	12.00	20.11	3.40
664.00	12.00	18.78	3.41
665.00	12.00	19.45	3.39
666.00	12.00	20.49	3.39
667.00	12.00	19.57	3.39
668.00	12.00	19.57	3.40
669.00	12.00	21.03	3.40
670.00	12.00	20.05	3.41
671.00	12.00	20.62	3.39
672.00	12.00	19.92	3.40
673.00	12.00	20.31	3.41
674.00	12.00	21.19	3.39
675.00	12.00	20.40	3.39
676.00	12.00	21.11	3.39
677.00	12.00	21.94	3.40
678.00	12.00	19.98	3.40
679.00	12.00	19.45	3.38
680.00	12.00	20.32	3.40
681.00	12.00	20.63	3.39
682.00	12.00	20.00	3.38
683.00	12.00	20.69	3.41
684.00	12.00	19.96	3.38
685.00	12.00	21.18	3.38
686.00	12.00	19.65	3.39
687.00	12.00	18.89	3.40
688.00	12.00	20.37	3.38
689.00	12.00	19.58	3.38
690.00	12.00	19.96	3.38
691.00	12.00	19.14	3.37
692.00	12.00	19.82	3.39
693.00	12.00	18.78	3.39
694.00	12.00	19.48	3.40
695.00	12.00	20.30	3.40
696.00	12.00	19.59	3.40
697.00	12.00	20.95	3.39
698.00	12.00	18.36	3.37
699.00	12.00	20.16	3.40
700.00	12.00	20.87	3.39
701.00	12.00	20.60	3.38
702.00	12.00	18.82	3.39
703.00	12.00	18.80	3.38
704.00	12.00	19.84	3.36
705.00	12.00	19.33	3.38
706.00	12.00	19.03	3.37
707.00	12.00	20.48	3.39
708.00	12.00	20.40	3.39
709.00	12.00	18.88	3.37
710.00	12.00	20.10	3.37
711.00	12.00	20.77	3.37
712.00	12.00	19.79	3.39
713.00	12.00	19.72	3.37
714.00	12.00	19.69	3.38
715.00	12.00	20.98	3.38
716.00	12.00	19.10	3.37
717.00	12.00	19.69	3.37
718.00	12.00	19.96	3.38
719.00	12.00	21.79	3.37
720.00	12.00	20.13	3.38
721.00	12.00	17.94	3.36
722.00	12.00	22.07	3.38
723.00	12.00	20.89	3.38
724.00	12.00	18.02	3.38
725.00	12.00	19.60	3.38
726.00	12.00	20.93	3.39
727.00	12.00	19.79	3.37
728.00	12.00	19.69	3.38
729.00	12.00	19.60	3.36
730.00	12.00	19.80	3.36
731.00	12.00	20.88	3.37
732.00	12.00	20.55	3.36
733.00	12.00	20.59	3.37
734.00	12.00	21.21	3.37
735.00	12.00	20.29	3.37
736.00	12.00	19.82	3.37
737.00	12.00	19.61	3.36
738.00	12.00	20.31	3.38
739.00	12.00	18.93	3.37
740.00	12.00	21.36	3.37
741.00	12.00	21.62	3.37
742.00	12.00	18.45	3.37
743.00	12.00	20.42	3.37
744.00	12.00	19.31	3.36
745.00	12.00	19.89	3.37
746.00	12.00	21.85	3.35
747.00	12.00	20.31	3.37
748.00	12.00	20.41	3.36
749.00	12.00	18.50	3.38
750.00	12.00	19.24	3.37
751.00	12.00	19.64	3.36
752.00	12.00	19.07	3.37
753.00	12.00	18.92	3.36
754.00	12.00	18.26	3.36
755.00	12.00	19.82	3.37
756.00	12.00	19.92	3.37
757.00	12.00	20.74	3.38
758.00	12.00	20.33	3.35
759.00	12.00	20.53	3.35
760.00	12.00	19.80	3.37
761.00	12.00	21.11	3.36
762.00	12.00	20.42	3.36
763.00	12.00	19.44	3.34
764.00	12.00	20.69	3.36
765.00	12.00	21.35	3.36
766.00	12.00	19.14	3.34
767.00	12.00	19.00	3.37
768.00	12.00	20.50	3.35
769.00	12.00	19.88	3.36
770.00	12.00	20.94	3.36
771.00	12.00	19.51	3.36
772.00	12.00	17.97	3.36
773.00	12.00	18.67	3.35
774.00	12.00	19.66	3.37
775.00	12.00	19.10	3.36
776.00	12.00	19.64	3.36
777.00	12.00	20.64	3.35
778.00	12.00	18.87	3.34
779.00	12.00	19.59	3.37
780.00	12.00	19.30	3.35
781.00	12.00	19.67	3.35
782.00	12.00	19.39	3.35
783.00	12.00	19.24	3.34
784.00	12.00	19.64	3.37
785.00	12.00	20.29	3.36
786.00	12.00	18.81	3.35
787.00	12.00	19.40	3.37
788.00	12.00	19.92	3.34
789.00	12.00	20.17	3.36
790.00	12.00	20.74	3.36
791.00	12.00	20.48	3.35
792.00	12.00	19.34	3.37
793.00	12.00	20.26	3.36
794.00	12.00	19.95	3.35
795.00	12.00	19.52	3.35
796.00	12.00	19.89	3.35
797.00	12.00	18.32	3.35
798.00	12.00	20.10	3.34
799.00	12.00	20.49	3.36
800.00	12.00	20.39	3.36
801.00	12.00	20.83	3.36
802.00	12.00	20.42	3.35
803.00	12.00	19.85	3.35
804.00	12.00	19.53	3.34
805.00	12.00	20.06	3.33
806.00	12.00	21.80	3.35
807.00	12.00	20.20	3.33
808.00	12.00	19.13	3.34
809.00	12.00	19.04	3.34
810.00	12.00	18.71	3.34
811.00	12.00	20.46	3.35
812.00	12.00	20.80	3.32
813.00	12.00	20.24	3.35
814.00	12.00	20.97	3.35
815.00	12.00	21.15	3.33
816.00	12.00	21.23	3.32
817.00	12.00	19.51	3.33
818.00	12.00	19.09	3.33
819.00	12.00	19.74	3.34
820.00	12.00	19.20	3.32
821.00	12.00	19.18	3.35
822.00	12.00	20.73	3.34
823.00	12.00	21.02	3.33
824.00	12.00	21.14	3.33
825.00	12.00	19.24	3.34
826.00	12.00	20.87	3.35
827.00	12.00	20.82	3.34
828.00	12.00	18.83	3.35
829.00	12.00	20.77	3.35
830.00	12.00	20.82	3.35
831.00	12.00	18.04	3.34
832.00	12.00	18.97	3.35
833.00	12.00	19.53	3.35
834.00	12.00	18.25	3.32
835.00	12.00	19.49	3.34
836.00	12.00	18.40	3.33
837.00	12.00	20.47	3.33
838.00	12.00	19.65	3.33
839.00	12.00	20.63	3.34
840.00	12.00	21.81	3.34
841.00	12.00	21.61	3.35
842.00	12.00	19.58	3.35
843.00	12.00	19.38	3.33
844.00	12.00	19.31	3.35
845.00	12.00	20.07	3.33
846.00	12.00	19.68	3.34
847.00	12.00	20.69	3.34
848.00	12.00	19.71	3.32
849.00	12.00	18.12	3.32
850.00	12.00	20.64	3.33
851.00	12.00	21.93	3.33
852.00	12.00	19.59	3.31
853.00	12.00	21.62	3.31
854.00	12.00	20.88	3.32
855.00	12.00	18.23	3.33
856.00	12.00	20.58	3.32
857.00	12.00	18.38	3.31
858.00	12.00	20.26	3.34
859.00	12.00	19.46	3.33
860.00	12.00	19.42	3.32
861.00	12.00	17.69	3.34
862.00	12.00	19.93	3.34
863.00	12.00	19.72	3.32
864.00	12.00	19.06	3.35
865.00	12.00	21.67	3.33
866.00	12.00	18.40	3.33
867.00	12.00	20.94	3.33
868.00	12.00	21.83	3.32
869.00	12.00	19.72	3.30
870.00	12.00	21.57	3.35
871.00	12.00	21.39	3.33
872.00	12.00	21.15	3.33
873.00	12.00	19.14	3.32
874.00	12.00	18.88	3.33
875.00	12.00	18.98	3.32
876.00	12.00	19.95	3.33
877.00	12.00	18.60	3.33
878.00	12.00	18.72	3.33
879.00	12.00	21.58	3.36
880.00	12.00	19.27	3.34
881.00	12.00	21.15	3.33
882.00	12.00	20.25	3.33
883.00	12.00	20.16	3.34
884.00	12.00	18.20	3.30
885.00	12.00	21.44	3.31
886.00	12.00	21.05	3.34
887.00	12.00	19.41	3.32
888.00	12.00	19.34	3.32
889.00	12.00	19.87	3.34
890.00	12.00	19.25	3.33
891.00	12.00	20.16	3.32
892.00	12.00	19.06	3.33
893.00	12.00	22.02	3.34
894.00	12.00	19.45	3.32
895.00	12.00	18.57	3.31
896.00	12.00	18.72	3.34
897.00	12.00	20.52	3.33
898.00	12.00	20.29	3.32
899.00	12.00	18.75	3.31
900.00	12.00	19.66	3.31
901.00	12.00	19.04	3.32
902.00	12.00	20.49	3.32
903.00	12.00	19.14	3.32
904.00	12.00	21.52	3.34
905.00	12.00	21.03	3.32
906.00	12.00	17.86	3.30
907.00	12.00	17.04	3.31
908.00	12.00	18.56	3.32
909.00	12.00	21.03	3.32
910.00	12.00	20.25	3.32
911.00	12.00	21.21	3.31
912.00	12.00	19.99	3.31
913.00	12.00	17.48	3.32
914.00	12.00	21.11	3.30
915.00	12.00	19.89	3.33
916.00	12.00	20.78	3.33
917.00	12.00	18.53	3.32
918.00	12.00	18.52	3.33
919.00	12.00	22.10	3.30
920.00	12.00	21.97	3.32
921.00	12.00	20.32	3.32
922.00	12.00	20.13	3.32
923.00	12.00	22.03	3.32
924.00	12.00	19.33	3.31
925.00	12.00	19.44	3.32
926.00	12.00	20.38	3.32
927.00	12.00	19.65	3.31
928.00	12.00	21.22	3.30
929.00	12.00	19.48	3.31
930.00	12.00	21.38	3.31
931.00	12.00	21.36	3.30
932.00	12.00	18.32	3.32
933.00	12.00	19.05	3.31
934.00	12.00	19.68	3.31
935.00	12.00	19.82	3.31
936.00	12.00	19.15	3.32
937.00	12.00	20.29	3.29
938.00	12.00	20.38	3.32
939.00	12.00	20.02	3.31
940.00	12.00	18.28	3.31
941.00	12.00	19.64	3.31
942.00	12.00	18.34	3.31
943.00	12.00	18.63	3.31
944.00	12.00	20.99	3.31
945.00	12.00	20.42	3.30
946.00	12.00	20.01	3.32
947.00	12.00	18.78	3.30
948.00	12.00	20.96	3.32
949.00	12.00	19.41	3.32
950.00	12.00	20.51	3.30
951.00	12.00	19.21	3.30
952.00	12.00	20.08	3.32
953.00	12.00	19.33	3.31
954.00	12.00	20.94	3.30
955.00	12.00	20.42	3.31
956.00	12.00	21.40	3.32
957.00	12.00	18.95	3.30
958.00	12.00	19.37	3.31
959.00	12.00	20.60	3.31
960.00	12.00	20.19	3.30
961.00	12.00	19.76	3.32
962.00	12.00	20.44	3.31
963.00	12.00	20.21	3.30
964.00	12.00	20.44	3.29
965.00	12.00	21.00	3.30
966.00	12.00	21.69	3.31
967.00	12.00	19.17	3.31
968.00	12.00	20.33	3.31
969.00	12.00	21.35	3.28
970.00	12.00	18.56	3.28
971.00	12.00	18.37	3.30
972.00	12.00	18.57	3.30
973.00	12.00	21.83	3.31
974.00	12.00	18.67	3.31
975.00	12.00	20.17	3.32
976.00	12.00	20.10	3.31
977.00	12.00	22.03	3.32
978.00	12.00	19.65	3.30
979.00	12.00	19.33	3.30
980.00	12.00	20.96	3.32
981.00	12.00	19.68	3.32
982.00	12.00	18.56	3.31
983.00	12.00	19.42	3.30
984.00	12.00	20.96	3.31
985.00	12.00	20.81	3.30
986.00	12.00	19.75	3.30
987.00	12.00	19.51	3.28
988.00	12.00	19.24	3.31
989.00	12.00	19.92	3.30
990.00	12.00	19.16	3.30
991.00	12.00	20.80	3.32
992.00	12.00	20.44	3.32
993.00	12.00	19.83	3.30
994.00	12.00	21.14	3.31
995.00	12.00	21.15	3.31
996.00	12.00	20.22	3.31
997.00	12.00	20.19	3.30
998.00	12.00	21.34	3.29
999.00	12.00	20.19	3.30
1000.00	12.00	20.27	3.31
1001.00	12.00	19.49	3.30
1002.00	12.00	20.72	3.30
1003.00	12.00	21.33	3.29
1004.00	12.00	18.85	3.28
1005.00	12.00	20.68	3.30
1006.00	12.00	20.77	3.30
1007.00	12.00	21.11	3.29
1008.00	12.00	19.96	3.29
1009.00	12.00	19.66	3.30
1010.00	12.00	20.06	3.31
1011.00	12.00	18.81	3.28
1012.00	12.00	20.06	3.31
1013.00	12.00	19.59	3.31
1014.00	12.00	19.79	3.31
1015.00	12.00	20.01	3.30
1016.00	12.00	20.81	3.30
1017.00	12.00	20.69	3.29
1018.00	12.00	19.17	3.29
1019.00	12.00	19.96	3.31
1020.00	12.00	18.97	3.29
1021.00	12.00	19.85	3.31
1022.00	12.00	20.29	3.29
1023.00	12.00	19.46	3.31
1024.00	12.00	19.14	3.31
1025.00	12.00	17.98	3.29
1026.00	12.00	20.78	3.31
1027.00	12.00	20.28	3.31
1028.00	12.00	20.21	3.29
1029.00	12.00	19.79	3.28
1030.00	12.00	20.16	3.29
1031.00	12.00	20.02	3.31
1032.00	12.00	19.89	3.29
1033.00	12.00	17.47	3.30
1034.00	12.00	18.49	3.31
1035.00	12.00	19.01	3.30
1036.00	12.00	21.00	3.29
1037.00	12.00	20.23	3.29
1038.00	12.00	19.17	3.28
1039.00	12.00	19.57	3.31
1040.00	12.00	19.37	3.30
1041.00	12.00	19.95	3.30
1042.00	12.00	20.38	3.29
1043.00	12.00	19.04	3.29
1044.00	12.00	19.72	3.31
1045.00	12.00	20.06	3.28
1046.00	12.00	19.88	3.29
1047.00	12.00	22.32	3.31
1048.00	12.00	20.68	3.30
1049.00	12.00	19.58	3.30
1050.00	12.00	20.06	3.30
1051.00	12.00	20.85	3.30
1052.00	12.00	19.96	3.29
1053.00	12.00	21.04	3.28
1054.00	12.00	19.94	3.29
1055.00	12.00	20.87	3.30
1056.00	12.00	19.60	3.29
1057.00	12.00	19.43	3.29
1058.00	12.00	20.36	3.30
1059.00	12.00	21.19	3.30
1060.00	12.00	18.89	3.30
1061.00	12.00	20.44	3.31
1062.00	12.00	19.15	3.29
1063.00	12.00	21.64	3.30
1064.00	12.00	20.29	3.29
1065.00	12.00	20.25	3.30
1066.00	12.00	20.78	3.30
1067.00	12.00	20.02	3.26
1068.00	12.00	20.03	3.30
1069.00	12.00	21.16	3.27
1070.00	12.00	20.61	3.30
1071.00	12.00	20.95	3.29
1072.00	12.00	19.79	3.30
1073.00	12.00	19.71	3.27
1074.00	12.00	20.69	3.31
1075.00	12.00	18.33	3.28
1076.00	12.00	18.49	3.29
1077.00	12.00	19.86	3.28
1078.00	12.00	20.25	3.31
1079.00	12.00	19.73	3.29
1080.00	12.00	20.41	3.31
1081.00	12.00	19.37	3.30
1082.00	12.00	19.34	3.29
1083.00	12.00	22.23	3.31
1084.00	12.00	20.78	3.30
1085.00	12.00	20.41	3.28
1086.00	12.00	21.16	3.28
1087.00	12.00	18.16	3.29
1088.00	12.00	19.44	3.29
1089.00	12.00	19.08	3.27
1090.00	12.00	17.65	3.29
1091.00	12.00	20.61	3.30
1092.00	12.00	21.66	3.30
1093.00	12.00	21.59	3.29
1094.00	12.00	21.03	3.30
1095.00	12.00	20.78	3.29
1096.00	12.00	20.51	3.28
1097.00	12.00	20.79	3.28
1098.00	12.00	19.04	3.28
1099.00	12.00	19.80	3.29
1100.00	12.00	21.09	3.28
1101.00	12.00	21.01	3.29
1102.00	12.00	19.93	3.29
1103.00	12.00	18.78	3.29
1104.00	12.00	20.13	3.31
1105.00	12.00	19.15	3.29
1106.00	12.00	20.79	3.28
1107.00	12.00	19.29	3.27
1108.00	12.00	19.38	3.30
1109.00	12.00	20.77	3.28
1110.00	12.00	19.46	3.28
1111.00	12.00	21.65	3.28
1112.00	12.00	20.08	3.30
1113.00	12.00	20.36	3.28
1114.00	12.00	20.38	3.30
1115.00	12.00	20.36	3.27
1116.00	12.00	19.14	3.29
1117.00	12.00	20.40	3.28
1118.00	12.00	20.34	3.28
1119.00	12.00	18.64	3.29
1120.00	12.00	21.11	3.30
1121.00	12.00	20.44	3.29
1122.00	12.00	20.34	3.30
1123.00	12.00	19.97	3.28
1124.00	12.00	19.72	3.29
1125.00	12.00	19.55	3.30
1126.00	12.00	18.02	3.28
1127.00	12.00	18.01	3.28
1128.00	12.00	20.47	3.28
1129.00	12.00	18.11	3.28
1130.00	12.00	19.72	3.29
1131.00	12.00	21.37	3.29
1132.00	12.00	18.82	3.30
1133.00	12.00	21.71	3.29
1134.00	12.00	19.09	3.29
1135.00	12.00	20.72	3.30
1136.00	12.00	20.52	3.28
1137.00	12.00	22.08	3.28
1138.00	12.00	21.46	3.29
1139.00	12.00	19.35	3.29
1140.00	12.00	21.06	3.28
1141.00	12.00	21.42	3.27
1142.00	12.00	19.80	3.27
1143.00	12.00	19.94	3.27
1144.00	12.00	18.28	3.29
1145.00	12.00	19.71	3.27
1146.00	12.00	18.13	3.28
1147.00	12.00	20.96	3.29
1148.00	12.00	19.07	3.28
1149.00	12.00	19.60	3.30
1150.00	12.00	19.78	3.29
1151.00	12.00	20.86	3.27
1152.00	12.00	19.78	3.29
1153.00	12.00	19.90	3.29
1154.00	12.00	19.69	3.29
1155.00	12.00	19.60	3.28
1156.00	12.00	19.41	3.27
1157.00	12.00	18.73	3.27
1158.00	12.00	19.27	3.29
1159.00	12.00	20.81	3.28
1160.00	12.00	21.49	3.28
1161.00	12.00	19.94	3.27
1162.00	12.00	19.03	3.28
1163.00	12.00	19.16	3.29
1164.00	12.00	21.38	3.30
1165.00	12.00	20.75	3.30
1166.00	12.00	19.65	3.28
1167.00	12.00	21.10	3.29
1168.00	12.00	18.95	3.29
1169.00	12.00	19.47	3.27
1170.00	12.00	20.00	3.27
1171.00	12.00	20.09	3.28
1172.00	12.00	20.38	3.28
1173.00	12.00	20.85	3.28
1174.00	12.00	19.83	3.30
1175.00	12.00	20.79	3.29
1176.00	12.00	20.55	3.26
1177.00	12.00	19.94	3.27
1178.00	12.00	18.85	3.27
1179.00	12.00	22.12	3.27
1180.00	12.00	19.57	3.28
1181.00	12.00	21.44	3.27
1182.00	12.00	21.54	3.28
1183.00	12.00	21.11	3.30
1184.00	12.00	19.41	3.28
1185.00	12.00	20.70	3.27
1186.00	12.00	18.94	3.30
1187.00	12.00	20.29	3.30
1188.00	12.00	19.38	3.28
1189.00	12.00	19.83	3.29
1190.00	12.00	19.75	3.29
1191.00	12.00	19.76	3.28
1192.00	12.00	19.41	3.27
1193.00	12.00	20.65	3.28
1194.00	12.00	20.40	3.28
1195.00	12.00	21.44	3.28
1196.00	12.00	20.55	3.31
1197.00	12.00	21.43	3.30
1198.00	12.00	20.50	3.29
1199.00	12.00	20.61	3.28
1200.00	12.00	21.53	3.29
1201.00	12.00	19.42	3.27
1202.00	12.00	20.13	3.27
1203.00	12.00	19.57	3.27
1204.00	12.00	19.29	3.27
1205.00	12.00	20.44	3.28
1206.00	12.00	19.25	3.27
1207.00	12.00	20.12	3.28
1208.00	12.00	18.17	3.27
1209.00	12.00	19.01	3.29
1210.00	12.00	20.26	3.28
1211.00	12.00	19.80	3.28
1212.00	12.00	19.26	3.28
1213.00	12.00	18.80	3.27
1214.00	12.00	19.41	3.27
1215.00	12.00	19.51	3.29
1216.00	12.00	20.21	3.29
1217.00	12.00	19.71	3.27
1218.00	12.00	21.00	3.28
1219.00	12.00	20.08	3.27
1220.00	12.00	19.45	3.28
1221.00	12.00	20.04	3.27
1222.00	12.00	19.31	3.28
1223.00	12.00	20.78	3.26
1224.00	12.00	21.70	3.28
1225.00	12.00	21.62	3.29
1226.00	12.00	18.83	3.28
1227.00	12.00	22.22	3.25
1228.00	12.00	19.81	3.27
1229.00	12.00	20.59	3.26
1230.00	12.00	19.11	3.30
1231.00	12.00	20.59	3.28
1232.00	12.00	20.09	3.29
1233.00	12.00	18.87	3.27
1234.00	12.00	20.59	3.26
1235.00	12.00	19.49	3.27
1236.00	12.00	19.68	3.29
1237.00	12.00	18.53	3.30
1238.00	12.00	20.24	3.28
1239.00	12.00	19.72	3.26
1240.00	12.00	18.33	3.27
1241.00	12.00	20.60	3.27
1242.00	12.00	22.15	3.26
1243.00	12.00	20.30	3.26
1244.00	12.00	18.76	3.26
1245.00	12.00	19.45	3.27
1246.00	12.00	21.73	3.27
1247.00	12.00	20.80	3.28
1248.00	12.00	19.38	3.28
1249.00	12.00	19.73	3.28
1250.00	12.00	20.89	3.27
1251.00	12.00	20.28	3.26
1252.00	12.00	19.91	3.27
1253.00	12.00	20.27	3.28
1254.00	12.00	20.23	3.28
1255.00	12.00	20.33	3.25
1256.00	12.00	20.09	3.26
1257.00	12.00	19.98	3.26
1258.00	12.00	18.61	3.28
1259.00	12.00	19.88	3.27
1260.00	12.00	19.09	3.26
1261.00	12.00	21.72	3.28
1262.00	12.00	19.99	3.26
1263.00	12.00	21.00	3.26
1264.00	12.00	18.01	3.27
1265.00	12.00	22.44	3.28
1266.00	12.00	20.73	3.26
1267.00	12.00	20.64	3.26
1268.00	12.00	19.97	3.26
1269.00	12.00	19.58	3.28
1270.00	12.00	20.45	3.28
1271.00	12.00	20.70	3.27
1272.00	12.00	21.47	3.26
1273.00	12.00	20.46	3.26
1274.00	12.00	20.95	3.25
1275.00	12.00	18.80	3.25
1276.00	12.00	20.15	3.27
1277.00	12.00	18.85	3.28
1278.00	12.00	20.25	3.25
1279.00	12.00	20.41	3.27
1280.00	12.00	19.73	3.27
1281.00	12.00	19.76	3.25
1282.00	12.00	19.95	3.27
1283.00	12.00	19.34	3.27
1284.00	12.00	19.32	3.27
1285.00	12.00	20.12	3.25
1286.00	12.00	19.81	3.26
1287.00	12.00	21.01	3.25
1288.00	12.00	18.05	3.26
1289.00	12.00	18.33	3.24
1290.00	12.00	20.33	3.26
1291.00	12.00	20.86	3.24
1292.00	12.00	20.54	3.27
1293.00	12.00	20.45	3.26
1294.00	12.00	21.65	3.27
1295.00	12.00	20.75	3.27
1296.00	12.00	20.54	3.24
1297.00	12.00	19.60	3.27
1298.00	12.00	19.49	3.25
1299.00	12.00	20.02	3.26
1300.00	12.00	20.65	3.24
1301.00	12.00	18.14	3.27
1302.00	12.00	18.43	3.25
1303.00	12.00	20.44	3.27
1304.00	12.00	18.89	3.25
1305.00	12.00	20.30	3.27
1306.00	12.00	20.20	3.25
1307.00	12.00	19.08	3.25
1308.00	12.00	20.74	3.25
1309.00	12.00	20.35	3.24
1310.00	12.00	20.28	3.27
1311.00	12.00	19.43	3.24
1312.00	12.00	20.82	3.26
1313.00	12.00	19.16	3.25
1314.00	12.00	20.52	3.24
1315.00	12.00	20.18	3.25
1316.00	12.00	18.92	3.27
1317.00	12.00	20.60	3.26
1318.00	12.00	21.35	3.26
1319.00	12.00	19.82	3.25
1320.00	12.00	18.57	3.24
1321.00	12.00	20.64	3.25
1322.00	12.00	21.41	3.24
1323.00	12.00	20.55	3.24
1324.00	12.00	22.42	3.24
1325.00	12.00	20.63	3.26
1326.00	12.00	20.69	3.27
1327.00	12.00	19.16	3.26
1328.00	12.00	18.71	3.25
1329.00	12.00	17.23	3.24
1330.00	12.00	19.21	3.25
1331.00	12.00	20.63	3.25
1332.00	12.00	19.51	3.24
1333.00	12.00	20.09	3.23
1334.00	12.00	20.33	3.24
1335.00	12.00	18.64	3.24
1336.00	12.00	18.81	3.26
1337.00	12.00	20.17	3.25
1338.00	12.00	18.46	3.26
1339.00	12.00	19.39	3.25
1340.00	12.00	19.63	3.26
1341.00	12.00	20.54	3.24
1342.00	12.00	21.03	3.24
1343.00	12.00	21.55	3.22
1344.00	12.00	19.63	3.24
1345.00	12.00	19.96	3.26
1346.00	12.00	20.08	3.24
1347.00	12.00	20.14	3.25
1348.00	12.00	19.93	3.23
1349.00	12.00	19.97	3.24
1350.00	12.00	18.60	3.24
1351.00	12.00	18.39	3.25
1352.00	12.00	21.60	3.23
1353.00	12.00	18.81	3.25
1354.00	12.00	18.97	3.24
1355.00	12.00	18.44	3.23
1356.00	12.00	18.98	3.23
1357.00	12.00	17.83	3.23
1358.00	12.00	20.66	3.25
1359.00	12.00	18.69	3.25
1360.00	12.00	19.42	3.22
1361.00	12.00	19.77	3.23
1362.00	12.00	20.52	3.23
1363.00	12.00	20.24	3.23
1364.00	12.00	19.82	3.23
1365.00	12.00	20.63	3.23
1366.00	12.00	19.59	3.24
1367.00	12.00	19.75	3.24
1368.00	12.00	20.02	3.25
1369.00	12.00	17.55	3.24
1370.00	12.00	19.41	3.23
1371.00	12.00	21.25	3.25
1372.00	12.00	20.60	3.22
1373.00	12.00	20.54	3.23
1374.00	12.00	18.98	3.22
1375.00	12.00	20.39	3.21
1376.00	12.00	19.61	3.25
1377.00	12.00	19.24	3.25
1378.00	12.00	20.27	3.23
1379.00	12.00	19.52	3.22
1380.00	12.00	20.44	3.23
1381.00	12.00	19.88	3.23
1382.00	12.00	19.36	3.22
1383.00	12.00	19.21	3.23
1384.00	12.00	21.07	3.22
1385.00	12.00	20.78	3.22
1386.00	12.00	19.17	3.22
1387.00	12.00	19.42	3.23
1388.00	12.00	18.88	3.22
1389.00	12.00	20.48	3.23
1390.00	12.00	19.79	3.22
1391.00	12.00	20.04	3.20
1392.00	12.00	17.70	3.24
1393.00	12.00	20.00	3.23
1394.00	12.00	18.27	3.22
1395.00	12.00	22.99	3.23
1396.00	12.00	20.50	3.23
1397.00	12.00	19.49	3.23
1398.00	12.00	20.47	3.23
1399.00	12.00	18.69	3.22
1400.00	12.00	20.85	3.24
1401.00	12.00	21.01	3.21
1402.00	12.00	21.91	3.23
1403.00	12.00	19.46	3.23
1404.00	12.00	19.54	3.23
1405.00	12.00	20.87	3.20
1406.00	12.00	19.19	3.21
1407.00	12.00	18.98	3.23
1408.00	12.00	18.67	3.20
1409.00	12.00	21.02	3.21
1410.00	12.00	18.59	3.22
1411.00	12.00	19.20	3.22
1412.00	12.00	19.80	3.21
1413.00	12.00	21.06	3.22
1414.00	12.00	19.55	3.20
1415.00	12.00	20.67	3.20
1416.00	12.00	20.76	3.21
